ConceptEn	ConceptIt	POS	Class	LetterCount	SyllableCount	FreqItWaC	LogFreqItWaC	FreqRepubblica	LogFreqRepubblica	FreqWikipedia	LogFreqWikipedia	MeanFamiliarityBlind	SDFamiliarityBlind	MeanFamiliaritySighted	SDFamiliaritySighted	FeaturesCountBlind	FeaturesCountSighted	DistinguishingFeaturesCountBlind	DistinguishingFeaturesPercentBlind	DistinguishingFeaturesCountSighted	DistinguishingFeaturesPercentSighted	AverageDistinctivenessAcrossFeatsBlind	AverageDistinctivenessAcrossFeatsSighted	MeanCueValidityBlind	MeanCueValiditySighted	IntercorrelatedFeatsCountBlind	IntercorrelatedFeatsPercentBlind	IntercorrelationalDensityBlind	IntercorrelatedFeatsCountSighted	IntercorrelatedFeatsPercentSighted	IntercorrelationalDensitySighted
to_stroke	accarezzare	v	tac_event	11	5	12492	9.4328	2242	7.7151	254	5.5373	2.8636	0.3432	2.6923	0.4615	40	33	17	42.5000	11	33.3333	0.3943	0.3676	0.0036	0.0005	58	7.4359	10.03452	59	11.1742	10.17927
airplane	aeroplano	n	vehicle	9	5	3338	8.1131	741	6.6080	1433	7.2675	2.0455	0.7056	2.2308	0.6966	35	66	7	20.0000	26	39.3939	0.3125	0.4105	0.0117	0.0027	102	17.1429	29.72447	265	12.3543	73.0134
to_grab	afferrare	v	tac_event	9	4	19042	9.8544	3332	8.1113	1215	7.1025	2.5000	0.6571	2.8462	0.4551	18	18	9	50.0000	6	33.3333	0.4761	0.3789	0.0053	0.0054	12	7.8431	2.78097	22	14.3791	4.15009
cheerfulness	allegria	n	emotion	8	4	11807	9.3764	3861	8.2587	309	5.7333	2.8636	0.3432	2.5000	0.6355	33	35	13	39.3939	14	40.0000	0.4140	0.4354	0.0303	0.0143	65	12.3106	12.56293	84	14.1176	13.99174
friendship	amicizia	n	ideal	8	4	60224	11.0058	14368	9.5728	7794	8.9611	2.8636	0.3432	2.8462	0.3608	33	37	18	54.5455	18	48.6486	0.4987	0.5322	0.0202	0.0270	26	4.9242	5.56733	55	8.2583	10.80464
pineapple	ananas	n	fruit	6	3	2777	7.9291	303	5.7137	155	5.0434	2.5000	0.5839	2.2692	0.7625	38	52	12	31.5789	22	42.3077	0.3801	0.4618	0.0075	0.0026	170	24.1821	44.46153	240	18.0995	70.32804
apartment	appartamento	n	art_loc	12	5	53679	10.8908	14895	9.6088	4083	8.3146	2.9545	0.2083	2.7308	0.5921	41	40	22	53.6585	21	52.5000	0.5563	0.5615	0.0081	0.0250	54	6.5854	8.71914	55	7.0513	8.08357
to_listen	ascoltare	v	aud_event	9	4	177864	12.0888	39010	10.5716	5566	8.6244	3.0000	0.0000	2.8846	0.3195	26	30	6	23.0769	11	36.6667	0.3092	0.3948	0.0037	0.0067	78	24.0000	16.11746	87	20.0000	21.66979
car	automobile	n	vehicle	10	5	33169	10.4094	15243	9.6319	4619	8.4379	2.5909	0.5768	2.9231	0.2665	54	56	19	35.1852	21	37.5000	0.4095	0.4050	0.0072	0.0079	194	13.5570	68.75944	209	13.5714	58.71469
to_spot	avvistare	v	vis_event	9	4	5815	8.6682	1335	7.1967	1295	7.1663	1.3636	0.6428	2.0000	0.7845	26	30	8	30.7692	8	26.6667	0.3788	0.3535	0.0070	0.0333	56	17.2308	12.79574	91	20.9195	19.98225
banana	banana	n	fruit	6	3	10565	9.2653	1783	7.4861	541	6.2934	2.6818	0.4658	2.4615	0.6923	34	44	12	35.2941	16	36.3636	0.3924	0.4075	0.0039	0.0042	137	24.4207	38.75696	188	19.8732	53.3419
bar	bar	n	art_loc	3	1	70315	11.1607	13729	9.5273	3538	8.1713	2.8182	0.3857	2.3846	0.7882	46	50	26	56.5217	31	62.0000	0.5378	0.5581	0.0021	0.0009	64	6.1836	14.32963	51	4.1633	12.27419
woods	bosco	n	nat_loc	5	2	57585	10.9610	7033	8.8584	8893	9.0930	2.1364	0.3432	2.4231	0.6308	47	43	21	44.6809	20	46.5116	0.4748	0.4992	0.0013	0.0072	69	6.3830	13.09048	85	9.4131	17.70394
screwdriver	cacciavite	n	tool	10	4	1180	7.0733	268	5.5910	59	4.0775	2.2273	0.7343	2.3846	0.7378	33	40	14	42.4242	16	40.0000	0.4755	0.4353	0.0084	0.0058	74	14.0152	20.79999	92	11.7949	27.4662
canary	canarino	n	bird	8	4	1215	7.1025	169	5.1299	200	5.2983	1.9545	0.8245	1.5385	0.6343	28	37	12	42.8571	12	32.4324	0.4778	0.4238	0.0190	0.0055	42	11.1111	7.67497	83	12.4625	16.93733
dog	cane	n	mammal	4	2	117804	11.6768	12450	9.4295	7130	8.8721	2.3636	0.8282	2.5769	0.6891	50	47	21	42.0000	16	34.0426	0.4767	0.4216	0.0100	0.0004	149	12.1633	41.25516	213	19.7040	59.68569
to_sing	cantare	v	aud_event	7	3	83817	11.3364	25200	10.1346	16037	9.6827	2.4091	0.7173	2.1154	0.8003	51	45	21	41.1765	27	60.0000	0.4092	0.5577	0.0022	0.0022	122	9.5686	20.0334	52	5.2525	10.29977
carrot	carota	n	vegetable	6	3	8680	9.0688	741	6.6080	284	5.6490	2.6364	0.5677	2.6154	0.6249	42	38	15	35.7143	11	28.9474	0.4015	0.3397	0.0119	0.0263	195	22.6481	54.57064	161	22.9018	35.37326
horse	cavallo	n	mammal	7	3	84651	11.3463	19540	9.8802	15438	9.6446	2.0455	0.8245	1.9615	0.8077	52	70	25	48.0769	26	37.1429	0.4859	0.4075	0.0038	0.0017	96	7.2398	31.0796	291	12.0497	68.18001
swan	cigno	n	bird	5	2	5508	8.6140	1114	7.0157	691	6.5381	1.1818	0.3857	1.3846	0.6249	25	47	12	48.0000	23	48.9362	0.5161	0.4804	0.0044	0.0008	28	9.3333	5.15718	130	12.0259	27.5583
cherry	ciliegia	n	fruit	8	3	5951	8.6913	382	5.9454	393	5.9738	2.7727	0.5163	2.6154	0.6837	31	41	16	51.6129	17	41.4634	0.4476	0.4668	0.0048	0.0070	65	13.9785	20.98737	167	20.3659	42.93984
knife	coltello	n	tool	8	3	16932	9.7370	5688	8.6461	1788	7.4889	2.8182	0.4896	2.8462	0.3608	32	39	13	40.6250	14	35.8974	0.4073	0.4192	0.0038	0.0020	52	10.4839	12.60703	88	11.8758	22.88111
crow	corvo	n	bird	5	2	8311	9.0253	1851	7.5235	999	6.9068	1.4545	0.7216	1.5000	0.6355	23	27	9	39.1304	10	37.0370	0.4183	0.4109	0.0079	0.0044	30	11.8577	7.14344	57	16.2393	11.31732
to_believe	credere	v	abs_event	7	3	636106	13.3631	123260	11.7221	17022	9.7423	2.5909	0.4917	2.5385	0.6923	30	30	17	56.6667	13	43.3333	0.4901	0.4337	0.0039	0.0070	40	9.1954	7.73886	48	11.0345	7.92614
democracy	democrazia	n	ideal	10	5	153001	11.9382	42412	10.6552	2727	7.9110	2.5455	0.4979	2.2308	0.6966	28	36	19	67.8571	19	52.7778	0.6238	0.5442	0.0089	0.0028	13	3.4392	2.7638	59	9.3651	12.35678
pain	dolore	n	emotion	6	3	120248	11.6973	19278	9.8667	6037	8.7057	2.4091	0.6508	2.4231	0.7428	29	32	15	51.7241	18	56.2500	0.5555	0.5424	0.0345	0.0312	46	11.3300	8.96452	49	9.8790	10.63712
to_doubt	dubitare	v	abs_event	8	4	24149	10.0920	5194	8.5553	744	6.6120	2.3636	0.7714	2.4231	0.6308	20	20	9	45.0000	8	40.0000	0.4351	0.3952	0.0143	0.0105	36	18.9474	5.92929	46	24.2105	7.6035
cathedral	duomo	n	art_loc	5	2	3210	8.0740	695	6.5439	1122	7.0229	2.3182	0.6998	2.0769	0.8737	38	29	25	65.7895	23	79.3103	0.6863	0.7312	0.0263	0.0345	20	2.8450	3.51273	4	0.9852	0.81816
seagull	gabbiano	n	bird	8	3	8229	9.0154	843	6.7370	609	6.4118	1.5455	0.6556	1.7308	0.7625	29	52	11	37.9310	16	30.7692	0.4002	0.3854	0.0078	0.0007	49	12.0690	10.2198	203	15.3092	38.24966
cat	gatto	n	mammal	5	2	51884	10.8568	5877	8.6788	4012	8.2970	2.3182	0.8194	2.6538	0.5507	49	49	21	42.8571	16	32.6531	0.4763	0.4367	0.0012	0.0047	135	11.4796	42.47759	199	16.9218	57.5754
jealousy	gelosia	n	emotion	7	4	9795	9.1896	3486	8.1565	1186	7.0783	1.9091	0.8479	1.8077	0.6805	40	36	18	45.0000	15	41.6667	0.4760	0.4372	0.0045	0.0021	93	11.9231	17.95944	75	11.9048	14.99536
giraffe	giraffa	n	mammal	7	3	160	5.0752	18	2.8904	259	5.5568	1.2273	0.5979	1.0769	0.2665	34	38	13	38.2353	10	26.3158	0.3895	0.3153	0.0294	0.0150	45	8.0214	7.01922	137	19.4879	36.72245
justice	giustizia	n	ideal	9	4	240890	12.3921	66555	11.1058	8170	9.0082	2.5455	0.4979	2.0385	0.7061	26	31	10	38.4615	14	45.1613	0.3786	0.4689	0.0192	0.0161	39	12.0000	6.23044	41	8.8172	6.78268
to_shout	gridare	v	aud_event	7	3	50142	10.8226	19316	9.8687	1130	7.0300	1.9545	0.8245	2.2692	0.6538	30	45	12	40.0000	25	55.5556	0.3958	0.5328	0.0152	0.0111	46	10.5747	8.90611	82	8.2828	16.08971
to_glimpse	intravedere	v	vis_event	11	5	17385	9.7634	5131	8.5431	1183	7.0758	1.3636	0.6428	1.9615	0.7586	23	25	5	21.7391	9	36.0000	0.3293	0.4314	0.0119	0.0400	66	26.0870	14.45931	59	19.6667	12.70564
kiwi	kiwi	n	fruit	4	2	1883	7.5406	269	5.5947	151	5.0173	2.5455	0.6556	2.2308	0.7994	29	44	10	34.4828	11	25.0000	0.4303	0.3520	0.0069	0.0006	123	30.2956	35.12032	292	30.8668	84.31672
lettuce	lattuga	n	vegetable	7	3	409	6.0137	33	3.4965	129	4.8598	2.8636	0.3432	2.6154	0.6837	31	33	8	25.8065	12	36.3636	0.4084	0.3546	0.0323	0.0152	159	34.1935	44.06107	97	18.3712	19.45986
freedom	libertà	n	ideal	7	3	325263	12.6924	51687	10.8530	14347	9.5713	2.7727	0.4191	2.4615	0.6343	34	39	11	32.3529	18	46.1538	0.3930	0.4712	0.0056	0.0038	65	11.5865	10.56462	56	7.5574	9.55153
sea	mare	n	nat_loc	4	2	257455	12.4586	46534	10.7479	26213	10.1740	2.7273	0.5378	2.8846	0.4231	48	45	26	54.1667	22	48.8889	0.4779	0.4971	0.0032	0.0056	61	5.4078	10.3006	62	6.2626	11.39052
hammer	martello	n	tool	8	3	7457	8.9169	2510	7.8280	949	6.8554	2.1364	0.8144	2.5000	0.6355	39	35	19	48.7179	13	37.1429	0.5254	0.4071	0.0085	0.0099	71	9.5816	19.94938	105	17.6471	31.32498
to_massage	massaggiare	v	tac_event	11	4	3573	8.1812	376	5.9296	71	4.2627	2.0000	0.7977	1.8846	0.7507	33	32	20	60.6061	17	53.1250	0.6536	0.5330	0.0303	0.0020	28	5.3030	5.1802	26	5.2419	4.89176
pencil	matita	n	tool	6	3	9903	9.2006	1487	7.3045	661	6.4938	2.0909	0.9491	2.6538	0.6166	33	37	20	60.6061	23	62.1622	0.5912	0.6058	0.0055	0.0064	21	3.9773	5.2564	25	3.7538	7.25071
apple	mela	n	fruit	4	2	23296	10.0560	4399	8.3891	1184	7.0767	2.6364	0.6428	2.6923	0.6057	35	46	12	34.2857	12	26.0870	0.3996	0.3257	0.0095	0.0038	138	23.1933	39.51489	293	28.3092	72.7996300000001
eggplant	melanzana	n	vegetable	9	4	5257	8.5673	227	5.4250	176	5.1705	2.5909	0.5768	2.5769	0.6891	25	39	7	28.0000	10	25.6410	0.3533	0.3199	0.0096	0.0011	109	36.3333	31.69259	202	27.2605	49.4663
mountain	montagna	n	nat_loc	8	3	96176	11.4739	18835	9.8435	13490	9.5097	2.4091	0.5768	2.5000	0.6355	41	43	21	51.2195	23	53.4884	0.5319	0.5075	0.0030	0.0133	42	5.1220	9.46262	41	4.5404	7.17656
motorcycle	motocicletta	n	vehicle	12	5	3736	8.2258	1208	7.0967	1286	7.1593	2.0455	0.7674	2.0385	0.7586	51	49	29	56.8627	19	38.7755	0.5294	0.3948	0.0095	0.0104	107	8.3922	47.33565	160	13.6054	55.6554
ship	nave	n	vehicle	4	2	83412	11.3315	23686	10.0726	29295	10.2852	2.1364	0.6938	2.1538	0.8177	39	52	15	38.4615	14	26.9231	0.4004	0.3750	0.0064	0.0009	76	10.2564	21.46731	215	16.2142	56.2904
shop	negozio	n	art_loc	7	3	83963	11.3381	17111	9.7475	6302	8.7486	2.9091	0.2875	2.7308	0.5231	36	36	21	58.3333	18	50.0000	0.6009	0.4444	0.0011	0.0139	22	3.4921	3.95498	44	6.9841	8.17129
to_hate	odiare	v	abs_event	6	3	36774	10.5125	6032	8.7048	2051	7.6261	1.5909	0.8344	1.8462	0.8177	28	32	7	25.0000	12	37.5000	0.2884	0.4068	0.0179	0.0156	98	25.9259	18.9507	92	18.5484	16.52143
to_eavesdrop	origliare	v	aud_event	9	4	616	6.4232	165	5.1059	65	4.1744	2.1364	0.8144	1.5000	0.6355	32	19	13	40.6250	8	42.1053	0.4314	0.4207	0.0134	0.0083	81	16.3306	17.35939	31	18.1287	6.96977
passion	passione	n	emotion	8	3	111988	11.6261	23930	10.0829	8085	8.9978	2.5909	0.4917	2.3846	0.7882	32	26	16	50.0000	8	30.7692	0.5319	0.2990	0.0052	0.0006	41	8.2661	7.85485	65	20.0000	13.26386
potato	patata	n	vegetable	6	3	21026	9.9535	2279	7.7315	1562	7.3537	2.8636	0.3432	2.9231	0.2665	46	51	17	36.9565	23	45.0980	0.4251	0.4133	0.0054	0.0021	227	21.9324	58.83238	168	13.1765	41.19494
to_think	pensare	v	abs_event	7	3	902845	13.7133	203058	12.2212	24747	10.1165	3.0000	0.0000	2.9615	0.1923	34	29	13	38.2353	8	27.5862	0.4153	0.3334	0.0012	0.0034	71	12.6560	12.17867	61	15.0246	9.4529
comb	pettine	n	tool	7	3	3238	8.0827	885	6.7856	445	6.0981	2.8636	0.3432	2.3077	0.8213	27	39	13	48.1481	15	38.4615	0.4945	0.4313	0.0056	0.0020	30	8.5470	7.1022	70	9.4467	17.75727
penguin	pinguino	n	bird	8	3	3568	8.1798	326	5.7869	452	6.1137	1.1818	0.4896	1.2308	0.4213	20	53	10	50.0000	26	49.0566	0.5428	0.4923	0.0030	0.0004	15	7.8947	2.49876	125	9.0711	29.65789
tomato	pomodoro	n	vegetable	8	4	25172	10.1335	2631	7.8751	986	6.8937	2.8636	0.3432	2.8462	0.4551	46	52	15	32.6087	18	34.6154	0.3872	0.3600	0.0047	0.0009	208	20.0966	53.36132	262	19.7587	63.1839000000001
lawn	prato	n	nat_loc	5	2	24759	10.1169	5796	8.6649	2541	7.8403	2.9091	0.2875	2.6538	0.6166	41	39	20	48.7805	15	38.4615	0.5016	0.4071	0.0015	0.0039	55	6.7073	10.65554	83	11.2011	17.49529
worry	preoccupazione	n	emotion	14	6	72027	11.1848	27166	10.2097	1950	7.5756	2.7727	0.5163	2.5769	0.6308	27	38	12	44.4444	16	42.1053	0.4861	0.4699	0.0123	0.0099	63	17.9487	11.88597	127	18.0654	25.00124
religion	religione	n	ideal	9	4	131009	11.7830	15629	9.6569	13914	9.5407	2.3636	0.6428	2.0385	0.7586	31	36	18	58.0645	23	63.8889	0.6054	0.5641	0.0069	0.0098	18	3.8710	1.90223	24	3.8095	4.69859
restaurant	ristorante	n	art_loc	10	4	74035	11.2123	12635	9.4442	3669	8.2077	2.9091	0.2875	2.5000	0.6355	38	36	18	47.3684	18	50.0000	0.4374	0.5305	0.0263	0.0139	45	6.4011	8.83315	54	8.5714	13.84404
to_peep	sbirciare	v	vis_event	9	3	3353	8.1176	569	6.3439	59	4.0775	1.3636	0.7100	1.8077	0.7348	25	21	9	36.0000	9	42.8571	0.3729	0.4166	0.0200	0.0089	43	14.3333	8.93255	36	17.1429	8.26014
to_catch_sight_of	scorgere	v	vis_event	8	3	16558	9.7146	2893	7.9700	1166	7.0613	1.3182	0.5548	2.3077	0.7216	19	17	4	21.0526	3	17.6471	0.2081	0.2974	0.0096	0.0110	39	22.8070	9.40493	58	42.6471	16.27375
to_peer_at	scrutare	v	vis_event	8	3	8422	9.0386	2133	7.6653	192	5.2575	1.4545	0.7216	2.1154	0.7507	25	24	12	48.0000	7	29.1667	0.4767	0.3340	0.0024	0.0027	28	9.3333	6.02006	65	23.5507	15.46278
to_touch_lightly	sfiorare	v	tac_event	8	3	26501	10.1849	13041	9.4759	2356	7.7647	2.6364	0.5677	2.4615	0.6343	33	27	16	48.4848	12	44.4444	0.4525	0.4466	0.0061	0.0014	33	6.2500	6.20468	24	6.8376	4.93123
beach	spiaggia	n	nat_loc	8	2	65071	11.0832	10136	9.2238	5291	8.5738	2.6818	0.4658	2.8462	0.4551	45	46	21	46.6667	24	52.1739	0.4683	0.5304	0.0034	0.0093	119	12.0202	21.68831	53	5.1208	9.32584
to_feel	tastare	v	tac_event	7	3	4322	8.3715	601	6.3986	212	5.3566	2.7727	0.4191	2.5385	0.6343	24	25	8	33.3333	13	52.0000	0.3909	0.5080	0.0417	0.0400	27	9.7826	5.11111	23	7.6667	4.61123
to_fear	temere	v	abs_event	6	3	76633	11.2468	37758	10.5390	4561	8.4253	2.3182	0.5548	2.2692	0.7625	14	19	2	14.2857	2	10.5263	0.1486	0.2171	0.0042	0.0102	35	38.4615	6.28499	74	43.2749	15.07947
train	treno	n	vehicle	5	2	77215	11.2543	22043	10.0008	10281	9.2381	2.8636	0.4568	2.4231	0.7428	43	53	17	39.5349	25	47.1698	0.4670	0.4850	0.0116	0.0047	150	16.6113	60.46635	179	12.9898	66.65011
to_hear	udire	v	aud_event	5	3	55848	10.9304	3235	8.0818	741	6.6080	3.0000	0.0000	2.8462	0.3608	19	27	3	15.7895	8	29.6296	0.2824	0.3734	0.0075	0.0093	38	22.2222	8.33531	63	17.9487	15.72242
zebra	zebra	n	mammal	5	2	690	6.5367	75	4.3175	267	5.5872	1.0909	0.2875	1.1923	0.3941	17	31	8	47.0588	12	38.7097	0.3712	0.3843	0.0131	0.0138	12	8.8235	1.61044	124	26.6667	36.25202
